findcenter
DimensionsXY:[1920 1080]
gratingNumber: 350.000000 
gratingAngle: 90.000000 
SR: 1.000000 
beamWidthmm: 1.120000 
pixelSizeMicron: 8.000000 
delay: 0.100000 
frames: 1000 
